#Boundary
160 141
142 142
123 148
108 155
91 160
73 165
53 169
32 173
8 177
-11 178
-40 179
-61 179
-87 179
-100 176
-118 186
-130 193
-145 209
-165 220
-178 231
-201 234
-229 236
-241 231
-261 223
-276 217
-289 207
-303 196
-311 186
-317 175
-324 171
-348 166
-373 162
-389 159
-398 155
-404 148
-385 148
-355 138
-337 131
-321 120
-306 105
-292 92
-279 83
-266 71
-252 51
-238 39
-232 28
-223 8
-219 -7
-210 -18
-201 -29
-184 -45
-168 -56
-155 -70
-128 -77
-111 -84
-89 -94
-67 -98
-37 -101
-12 -101
8 -100
33 -99
45 -100
50 -106
50 -116
47 -125
40 -140
36 -160
30 -180
22 -195
11 -207
2 -216
-12 -220
-24 -220
-40 -223
-55 -224
-73 -228
-83 -238
-87 -247
-76 -244
-65 -238
-50 -237
-40 -238
-48 -241
-59 -244
-69 -249
-74 -258
-80 -268
-84 -277
-83 -288
-71 -275
-64 -271
-55 -269
-48 -262
-42 -259
-30 -254
-21 -249
-8 -242
1 -235
13 -226
8 -231
5 -235
-3 -241
-18 -251
-27 -256
-35 -260
-41 -265
-46 -270
-51 -274
-53 -282
-53 -290
-51 -299
-49 -290
-45 -282
-40 -275
-34 -275
-29 -275
-22 -270
-14 -263
-4 -256
6 -247
17 -240
23 -233
33 -227
41 -222
52 -215
64 -207
71 -204
76 -200
76 -191
72 -185
66 -188
52 -197
43 -204
36 -207
31 -208
33 -203
35 -196
41 -185
47 -175
51 -163
52 -154
61 -138
65 -127
70 -116
75 -103
79 -96
85 -91
92 -88
104 -88
109 -95
107 -108
104 -119
100 -132
98 -144
95 -155
90 -166
87 -176
82 -188
80 -196
78 -207
74 -218
63 -233
49 -247
38 -254
29 -258
14 -262
0 -267
-15 -272
-24 -282
-32 -294
-25 -287
-11 -282
-1 -276
8 -276
9 -277
1 -285
-6 -289
-14 -295
-23 -306
-27 -312
-31 -322
-28 -336
-21 -321
-5 -314
9 -302
24 -290
40 -280
53 -267
64 -254
68 -248
69 -251
58 -266
51 -275
40 -287
27 -303
16 -315
9 -325
4 -338
7 -360
12 -345
22 -339
34 -324
44 -305
56 -291
70 -272
83 -257
98 -245
110 -237
129 -226
145 -222
166 -213
182 -215
170 -206
150 -202
132 -204
117 -213
97 -227
85 -231
85 -220
91 -204
98 -190
105 -172
114 -151
123 -123
134 -92
142 -84
154 -80
168 -78
159 -71
157 -57
159 -53
172 -53
194 -51
214 -49
240 -46
261 -40
275 -27
273 -14
262 -5
275 2
288 11
303 25
305 38
295 50
284 57
292 72
299 83
304 96
303 113
308 135
312 153
319 170
330 189
347 212
361 231
375 258
383 279
391 294
391 310
383 317
373 325
362 328
350 327
337 314
322 297
310 284
298 270
286 255
271 241
260 229
251 216
235 200
217 184
200 168
180 154
171 146
#Points
-258 158
-145 112
-62 24
26 -42
92 64
5 148
-172 1
-67 -63
104 -41
241 36
363 295
327 239
282 174
200 94
175 21
214 -20
46 19
-51 88
-370 148
-383 154
-368 156
-351 156
-340 147
-338 167
-334 160
-313 156
-322 144
-298 125
-274 123
-225 105
-243 75
-173 39
-102 29
-96 15
-125 -31
-53 -61
-17 -67
-53 -98
-217 235
-190 231
-159 213
-184 201
-200 213
-238 207
-259 201
-284 191
-275 169
-226 193
-197 169
-219 143
-200 126
-166 149
-121 159
-101 127
-112 104
-166 86
-189 96
-194 93
-199 64
-200 37
-190 -1
-183 -20
-151 -40
-134 -45
-105 -53
-92 -34
-75 -15
-127 1
-136 7
-146 30
-136 56
-95 63
-73 56
-46 61
-13 57
-3 35
-25 18
-47 -17
-44 -31
-31 -33
3 -8
23 24
39 53
52 62
0 93
-38 129
-49 145
-82 134
-86 105
-80 90
-136 139
-141 164
-174 180
-161 204
-139 186
-116 165
-98 158
-84 169
-68 167
-67 156
-42 164
-19 161
-4 133
11 120
28 126
32 140
56 131
56 105
56 90
116 105
111 116
120 121
154 88
130 56
116 47
118 18
65 2
67 -23
72 -39
52 -55
37 -56
23 -74
-9 -86
-136 -67
-107 -69
-95 -78
-82 -86
-73 -71
-87 -50
-68 -37
65 -75
54 -91
60 -104
30 -84
114 -66
125 -82
137 -73
127 -34
137 -20
167 -8
180 20
234 42
214 9
211 -8
249 13
252 -20
241 -29
266 24
223 128
218 169
222 159
167 112
135 131
180 133
195 145
203 148
205 110
241 176
282 218
282 218
313 274
333 284
363 250
365 248
347 244
347 248
367 267
371 295
380 307
370 311
354 310
347 277
368 279
348 289
341 298
337 261
311 246
309 262
297 246
314 217
317 197
303 179
299 147
299 137
286 64
254 75
275 133
300 107
282 86
260 102
252 102
249 118
244 143
257 154
270 188
270 193
245 199
266 219
287 199
295 199
287 231
305 234
331 224
348 229
326 258
218 78
179 50
165 40
173 72
190 73
202 47
202 33
223 67
252 63
262 53
268 41
288 30
282 44
276 19
233 -4
225 19
221 39
217 56
243 64
233 79
222 102
232 110
238 90
272 74
278 109
290 123
279 154
261 133
256 177
-1 169
-10 149
13 165
18 148
24 158
32 164
46 165
37 153
54 144
62 156
84 153
78 139
78 127
81 110
83 88
95 140
115 140
104 131
92 116
95 96
110 80
118 72
130 84
137 107
149 122
158 126
153 107
178 94
185 113
201 129
223 140
244 160
300 166
200 -40
170 -31
158 -36
136 -51
194 -18
197 13
191 1
175 3
190 -33
221 -36
108 -3
92 -13
66 24
66 42
87 45
91 21
88 9
108 35
127 37
138 44
146 61
152 63
141 78
147 40
145 19
135 7
129 -2
148 -10
157 13
104 -24
86 -44
79 -60
98 -68
97 -53
119 -50
82 -75
68 -93
111 -73
54 -122
49 -142
43 -166
19 -208
8 -221
-60 -255
-44 -245
-27 -245
-16 -231
-32 -231
111 -122
106 -145
115 -113
121 -109
122 -94
127 -101
109 -132
102 -165
93 -181
103 -208
109 -202
129 -217
147 -212
-59 -77
-36 -73
-33 -84
11 -79
-9 -31
7 -48
-14 -50
-52 -47
-14 -18
-38 3
-69 6
-95 -8
-111 -14
-141 -15
-161 -25
-171 -35
-200 -2
-208 23
-209 51
-237 60
-263 99
-282 95
-295 109
-254 129
-249 102
-241 90
-214 79
-182 78
-167 66
-163 52
-143 82
-116 79
-113 63
-114 39
-118 25
-167 21
-203 19
28 8
40 -7
45 -23
52 -37
26 -28
17 1
10 20
-9 6
-26 -2
-55 42
-37 48
-28 74
-24 101
-35 111
-47 109
-67 109
-74 121
-54 129
-10 117
17 110
27 106
40 100
39 82
14 77
5 67
5 57
16 44
32 41
40 41
-70 75
-114 86
-143 98
-168 101
-188 109
-183 137
-162 133
-189 153
-242 185
-243 170
-224 159
-228 142
-236 128
-260 137
-281 145
-281 148
-290 167
-298 174
-303 166
-303 148
-306 138
-309 128
-280 203
-260 209
-242 220
-227 221
-220 213
-205 199
-200 190
-222 172
-225 170
-270 185
-165 169
-178 215
-213 224
-198 223
-112 140
-121 118
-127 99
-208 116
-221 125
-203 142
-159 188
-84 35
-27 33
76 68
18 -91
-25 -93
3 -64
-155 -55
-260 83
-221 36
-155 2