#Boundary
280 -142
287 -156
263 -154
262 -164
251 -170
251 -176
256 -178
276 -170
297 -163
289 -143
285 -125
285 -102
293 -78
306 -57
324 -42
339 -38
358 -40
375 -43
391 -61
404 -82
414 -105
417 -121
439 -112
438 -112
438 -103
427 -103
425 -109
420 -108
420 -98
428 -91
438 -93
444 -107
451 -103
442 -88
431 -68
417 -54
406 -43
387 -35
373 -28
361 -26
349 -25
346 -15
346 -5
351 10
368 30
377 46
386 62
387 81
389 102
383 114
373 130
367 143
360 155
348 169
337 181
331 172
337 165
347 152
338 137
334 147
319 154
313 140
351 120
360 109
369 99
372 89
376 75
372 52
366 45
353 45
336 50
333 68
339 83
339 95
328 101
321 100
316 84
314 67
325 59
325 46
318 36
304 23
287 16
263 8
252 4
251 -27
261 -27
273 -21
286 -12
297 -1
298 0
298 1
307 10
313 15
317 4
322 -7
326 -14
327 -19
327 -28
312 -33
291 -46
275 -61
259 -86
254 -98
251 -114
251 -142
268 -147
#Holes
325 70
320 84
329 94
332 84
&
320.72342 27
338.90617 41
347.99754 26
329.8148 -3
339.91632 27
334.86556 29
#Points
252 -13
257 -2
261 -14
271 1
273 -10
287 1
279 9
293 9
306 18
317 23
323 37
332 45
330 55
327 68
319 71
321 94
335 92
333 78
345 45
352 37
364 38
375 53
383 71
381 80
381 94
377 106
366 119
359 130
350 140
318 148
334 132
323 137
344 127
337 174
344 168
354 156
357 145
344 147
325 147
252 -129
257 -141
268 -72
285 -51
302 -39
398 -68
359 22
343 15
340 4
336 -11
336 -22
345 -32
329 -32
314 -39
308 -44
296 -49
299 -64
283 -66
287 -75
269 -81
285 -84
276 -101
259 -99
261 -115
280 -112
282 -132
265 -133
276 -156
265 -171
287 -163
292 -151
271 -159
423 -59
436 -78
410 -91
442 -98
438 -84
427 -113
423 -80
420 -66
408 -65
411 -78
395 -38
381 -48
399 -57
406 -48
393 -44
390 -51
375 -34
379 -30
364 -33
368 -37
353 -30
321 -30
313 -47
287 -89
386 -52
271 -121
269 -90
266 -106
294 -59
374 65
356 116
364 106
352 132
362 137
374 121
371 112
325 20
326 11
333 15
336 77
330 141
318 143

