#Boundary
-37 39
-37 -17
-35 -40
-27 -54
60 -106
444 -105
539 -69
555 -56
559 -45
568 -16
573 -23
585 -22
569 4
558 10
540 14
443 13
390 19
406 28
413 38
476 38
481 33
515 33
520 38
670 38
670 36
677 36
678 38
681 38
683 45
683 50
678 56
669 57
665 53
521 54
515 60
480 60
476 56
413 57
398 72
325 79
324 85
328 88
327 93
301 93
296 88
285 92
272 89
97 90
80 88
58 67
75 45
169 31
175 23
87 40
#Points
425 40
440 40
454 40
466 42
467 56
454 57
443 56
424 56
487 59
495 59
505 59
506 37
494 38
531 53
548 53
567 53
586 53
613 52
634 52
652 52
652 42
635 42
616 43
599 42
583 42
563 43
542 40
402 65
386 72
374 74
354 76
341 77
331 78
312 94
270 89
251 89
228 89
201 89
172 89
147 89
117 89
70 78
65 61
87 47
107 44
125 42
144 40
155 27
138 30
109 34
59 40
38 39
1 39
-24 28
-36 13
-35 -28
-29 -44
-19 -55
-5 -62
11 -71
29 -83
43 -90
83 -102
106 -102
130 -102
149 -102
173 -103
187 -103
210 -102
239 -102
271 -101
303 -102
333 -101
360 -101
389 -101
417 -101
467 -91
495 -79
526 -68
404 18
420 14
471 12
498 13
520 13
-36 4
-12 21
11 32
26 28
46 21
77 20
106 18
135 11
164 5
186 6
215 9
258 11
295 11
329 9
373 13
97 58
85 75
104 79
126 77
150 77
172 79
192 76
218 76
242 75
271 75
296 75
313 72
335 65
359 63
384 59
393 49
379 28
360 49
353 21
329 37
306 49
263 52
231 55
194 62
167 59
137 58
115 59
180 46
195 34
213 25
242 37
266 25
300 17
130 89
395 -6
364 -21
322 -33
277 -39
223 -46
181 -44
144 -44
102 -47
55 -39
7 -27
-14 4
-19 -19
-16 -39
2 -51
21 -57
40 -69
59 -77
85 -77
109 -79
143 -83
174 -84
218 -71
257 -72
294 -77
329 -75
371 -72
408 -55
433 -56
461 -47
492 -26
535 -13
7 5
33 -2
60 -8
84 -11
110 -19
163 -17
183 -18
218 -14
263 -14
309 -8
361 -4
389 6
420 0
454 -7
497 -2
546 -1
539 -31
491 -46
442 -72
392 -84
359 -89
321 -90
282 -90
245 -91
346 -45
395 -31
443 -24
252 -100
285 -98
317 -97
-21 38
20 40
530 43
485 -84
514 -72
437 -90
469 -69
501 -57
532 -52
514 -33
512 -8
310 -55
250 -52
189 -68
198 -85
71 -53
138 -15
122 -59
162 -62
29 -28
421 -28
339 -17
575 -8
561 -31
467 -25
474 -4
372 -45
243 -25
201 -31
238 1
285 40
210 50
239 23
274 2
301 -25
280 -62
282 59
455 12
435 -2
153 -26
161 -7
160 -43
91 -27
485 51
498 49
512 49
455 50
431 50
342 49
372 42
125 -31